Airspace_AOR_Airports=EE
Airspace_AOR_Positions=EE
Airspace_ASSR_AutoAssign_Type=2
Airspace_ASSR_StartCode=6160
Airspace_ASSR_EndCode=6177
Airspace_ASSR_APL_StartCode=6160
Airspace_ASSR_APL_EndCode=6177
Airspace_C_Flag=EETN,EETU,EFHK,EVRA
Airspace_NOTAM_Add=EETT,EFIN,EVRR
Airspace_SIGMET_Areas=EETT,EFIN,ESAA,EVRR,ULLL

AMAN_Airports=EFHK
AMAN_URL=.\MAESTRO_sequence_data.json

Areas_PreActiveTime=1200
Areas_Remote_Activation=1
Areas_URL=https://dataset.vatsim.ee/TopSkyAreas.txt

Color_Active_Map_Type_3=201,167,209
Color_Active_Map_Type_6=196,180,165
Color_Active_Map_Type_8=225,161,92
Color_Active_Map_Type_13=105,155,104
Color_Active_Map_Type_14=147,188,229

CPDLC_AutoAcceptLogon=1
CPDLC_Transfer=1
CPDLC_CFL=1
CPDLC_DCT=1
CPDLC_AHDG=1
CPDLC_MinLevel=95
CPDLC_MessageSet_Heading=1
CPDLC_MessageSet_Rate=0
CPDLC_MessageSet_Speed=0
CPDLC_PDC_PlaySound=0

FlightLeg_AutoShow=1
FlightLeg_Label_Time=1
FlightLeg_Label_Point=0
FlightLeg_Label_DIST=1
FlightLeg_Label_RFL=0
FlightLeg_Label_SCFL=0

FPCP_PredictionTime=30
FPCP_HeadingTime=15
FPCP_TimeBeforeEntry=30
FPCP_InhibitTimeBeforeEntry=30

HTTP_AIREP_Areas=EE,EF,EV,ES

HTTP_Areas_Remote_URL=https://lara-backend.lusep.fi/topsky/eett.txt

HTTP_AUP_URL=https://eaup.vatsim.pt/api/v2/areas/

HTTP_GRIB_Latitude_Max=64
HTTP_GRIB_Latitude_Min=53.5
HTTP_GRIB_Longitude_Max=34
HTTP_GRIB_Longitude_Min=15

HTTP_NOTAM_Source=1

HTTP_SNOWTAM_Source=EE

Label_DAPs=0
Label_DAPs_Prefix=*
Label_Extended_MaxChars=55
Label_Field18_Flag_Items=STS/
Label_GS_Prefix=•

Label_CRC_Default=1
Label_NATYP_Default=1
Label_GS_Default=1

List_Sector_Concerned=1
List_Sector_Informed=1
List_VFR_FPL_Area=59.883333333333,25.866666666667,59.866666666667,25.975,59.611666666667,27.636666666667,59.471666666667,28.043333333333,59.472851388889,28.045098611111,59.464432777778,28.074149722222,59.456666944444,28.099443888889,59.446890833333,28.109140833333,59.427880277778,28.13502,59.412861388889,28.159830833333,59.40413,28.190329722222,59.388358333333,28.207250555556,59.370718333333,28.211160833333,59.355028333333,28.201098333333,59.337210555556,28.17866,59.322842777778,28.15875,59.310631111111,28.180378333333,59.304678611111,28.15292,59.293301388889,28.12179,59.291950555556,28.084209722222,59.291930277778,28.045080833333,59.279166666667,28.006111111111,59.277180277778,27.978531388889,59.26921,27.94246,59.254280277778,27.916019722222,59.236722777778,27.897659722222,59.22028,27.889468611111,59.203152777778,27.88678,59.186388888889,27.889166944444,59.171410277778,27.863480833333,59.157026666667,27.844898611111,59.14318,27.813929722222,59.125211111111,27.800858333333,59.1066525,27.794058611111,59.08682,27.780028333333,59.066299444444,27.770090833333,59.051388888889,27.771110833333,59.035721666667,27.747930833333,59.018920277778,27.731218333333,59.001802222222,27.731339722222,58.984679722222,27.726199722222,58.972936666667,27.691169722222,58.958129722222,27.65071,58.93186,27.615950555556,58.91145,27.59966,58.894130833333,27.59043,58.843332777778,27.467777777778,58.800277777778,27.382777777778,58.78,27.359999722222,58.698333333333,27.3975,58.488610833333,27.496110833333,58.38,27.55,58.329443888889,27.514721944444,58.303087222222,27.495139722222,58.282311111111,27.48798,58.259529722222,27.484079722222,58.232059722222,27.480820555556,58.215307777778,27.480820555556,58.180468055556,27.513370555556,58.165050277778,27.5329,58.138919444444,27.560898333333,58.11346,27.58564,58.096711388889,27.593450555556,58.07795,27.599309722222,58.053148611111,27.602558333333,58.038611111111,27.609444444444,58.0163,27.61298,58.001350833333,27.635058611111,58.005488611111,27.671569722222,57.996890277778,27.694939722222,57.978051111111,27.69873,57.962861666667,27.686419722222,57.94563,27.685208611111,57.928490833333,27.70167,57.920107777778,27.724950833333,57.912287222222,27.750290833333,57.911201388889,27.783210555556,57.903108333333,27.8133,57.889166666667,27.809722222222,57.884496388889,27.827748611111,57.861661666667,27.829050833333,57.848058611111,27.810890555556,57.83324,27.79679,57.826907222222,27.766800833333,57.827066666667,27.738840833333,57.838638333333,27.721148611111,57.836848333333,27.69046,57.83641,27.65484,57.83254,27.614159722222,57.8299225,27.581461388889,57.829999722222,27.559721944444,57.808019444444,27.532488611111,57.797098055556,27.508880555556,57.778258611111,27.50803,57.76241,27.521719722222,57.744282222222,27.53619,57.726000555556,27.54209,57.704800555556,27.524031388889,57.712938611111,27.491869722222,57.70732,27.4593375,57.705232777778,27.433959722222,57.685456666667,27.40803,57.665050277778,27.387790833333,57.648078055556,27.382419722222,57.631370833333,27.402249722222,57.613130833333,27.389389722222,57.6,27.383333055556,57.576388611111,27.327777222222,57.516666111111,27.333333055556,57.5499,27.288199722222,57.546199444444,27.2483,57.544101944444,27.226698888889,57.542,27.2051,57.5489,27.162099722222,57.5598,27.1231,57.573199166667,27.0884,57.589599722222,27.0574,57.602499444444,27.0329,57.6156,27.000699722222,57.619399444444,26.966699722222,57.6276,26.9374,57.642699722222,26.9112,57.6272,26.8759,57.6101,26.8549,57.595999722222,26.8352,57.587299444444,26.803799722222,57.5799,26.7727,57.573199166667,26.748699722222,57.5867,26.736,57.581299444444,26.707,57.564,26.6961,57.553699444444,26.673999722222,57.5474,26.6384,57.529899722222,26.6233,57.5153,26.607199722222,57.529699444444,26.586099722222,57.521999444444,26.556899722222,57.514499444444,26.5284,57.524299722222,26.494099722222,57.544699444444,26.4817,57.565199722222,26.477899722222,57.573599444444,26.4511,57.570099722222,26.4175,57.575,26.388332777778,57.5825,26.3596,57.591799444444,26.324,57.5974,26.2921,57.613199444444,26.271899722222,57.627099444444,26.253399722222,57.640599444444,26.239999722222,57.652999444444,26.241399722222,57.665999722222,26.222999722222,57.680999722222,26.2042,57.6963,26.1823,57.711111111111,26.2005,57.726399722222,26.1794,57.7378,26.145399722222,57.7471,26.1156,57.752499722222,26.0853,57.761,26.0573,57.775599722222,26.037199722222,57.7916,26.0283,57.810999166667,26.0335,57.833599722222,26.0513,57.848399722222,26.046199722222,57.853,26.014199722222,57.8536,25.9886,57.8487,25.9478,57.853888888889,25.916110833333,57.8584,25.8746,57.868299722222,25.835,57.886499722222,25.8015,57.9037,25.785799722222,57.9213,25.750499722222,57.9215,25.7224,57.906199444444,25.707899722222,57.905999444444,25.671199722222,57.918799722222,25.648099722222,57.933599444444,25.626799722222,57.9436,25.6017,57.9502,25.581299722222,57.968,25.579999722222,57.973399722222,25.548999722222,57.9705,25.5228,57.980899444444,25.509299722222,57.9787,25.4781,57.989899444444,25.454799722222,58.007699166667,25.453099722222,58.022599722222,25.429899444444,58.0309,25.3972,58.035299444444,25.361499722222,58.048799166667,25.3377,58.0662,25.314299722222,58.0782,25.289899722222,58.0664,25.2634,58.048799166667,25.2834,58.0302,25.302399722222,58.012,25.3043,57.9947,25.289899722222,57.999699722222,25.259299722222,58.016599722222,25.250299722222,58.026299444444,25.2191,58.044699444444,25.2192,58.0583,25.2127,58.076599444444,25.210699722222,58.0852,25.186599722222,58.0728,25.169399722222,58.0818,25.1413,58.0773,25.111899722222,58.064799444444,25.091699722222,58.0538,25.0604,58.038699444444,25.044699722222,58.02,25.0226,58.013333333333,25.004722222222,58.009799444444,24.989,58.010555833333,24.983610833333,58.008299444444,24.948499722222,57.998499166667,24.9157,57.989499444444,24.8883,57.9797,24.8546,57.9868,24.816099722222,57.989499444444,24.774999722222,57.9757,24.7545,57.963599444444,24.7327,57.9545,24.710599722222,57.962499444444,24.6853,57.9577,24.6491,57.945599444444,24.6265,57.9598,24.602699722222,57.954,24.5655,57.947099444444,24.5359,57.934199722222,24.5161,57.926499722222,24.488099722222,57.915599722222,24.463599722222,57.8937,24.4603,57.877699722222,24.4461,57.870399722222,24.4176,57.876199722222,24.385899722222,57.883332777778,24.366666666667,57.874443888889,24.356666388889,57.899999722222,24.299443888889,57.917221666667,24.261110833333,57.899166111111,24.209444166667,57.899443888889,23.914721944444,57.899166111111,23.601110555556,57.7827975,23.648602222222,57.669721944444,23.582221944444,57.593888611111,23.406110555556,57.588332777778,23.240277777778,57.586388611111,23.180833055556,57.702221944444,22.999166666667,57.780555277778,22.9077775,57.875555833333,22.789443888889,57.940833333333,22.7075,57.9275,22.583610833333,57.906110833333,22.519721944444,57.825,22.278888333333,57.779166666667,22.143332777778,57.774166944444,22.104443888889,57.749443888889,21.916110833333,57.786666666667,21.716666388889,57.843055833333,21.660277777778,57.856666666667,21.646666666667,57.895,21.613332777778,57.918055555556,21.6,58.003332777778,21.552499722222,58.115,21.483333333333,58.212777777778,21.214443888889,58.3375,20.861944444444,58.413333333333,20.642777777778,58.627721944444,20.771777777778,58.904971944444,20.94125,59,21,59.2875,22.178610833333,59.474722222222,22.9825,59.511110833333,23.141943888889,59.557222222222,23.348333333333,59.700277777778,23.991666666667,59.731666944444,24.138888888889,59.788055555556,24.390555555556,59.799443888889,24.4525,59.844721944444,24.665277777778,59.883332777778,24.85,59.885832777778,24.896693888889,59.891388888889,25.009166388889,59.904166944444,25.251666944444,59.908333333333,25.333333333333,59.896943888889,25.585,59.894166388889,25.638055555556

Maps_URL=https://dataset.vatsim.ee/TopSkyMaps.txt

MTCD_Sep_Lat=8.9

Rings_Available=0

Setup_LoadView=EETT
Setup_ScreenLat=N059.24.47.998:E024.49.56.999

STCA_Floor=1700
STCA_Max_Track_Age=40
STCA_WarningTime_U=100
STCA_WarningTime_L=60
STCA_WarningTime_L_Imm=30

System_Code7601_flag=CFi
System_FPL_F18_Formation_Text=FOR/
System_MagModel_Year=2025
System_MetarSourceVATSIM=0
System_Trf_Release=0
System_UseAUP=0

Track_PredictionLine=1

Vector_QDM_MaxNumber=10

Window_ASM=1
Window_Blinking=1
Window_DCL_SetASSR=1
Window_DCL_SetCFL=1
Window_LostList_Auto=0
Window_NOTAM=3
Window_PDC_SetASSR=1
Window_PDC_SetCFL=1

WXR_Zoom=4
WXR_Latitude=59
WXR_Latitude_Max=64
WXR_Latitude_Min=53.5
WXR_Longitude=24
WXR_Longitude_Max=34
WXR_Longitude_Min=15

[EETT]
Label_CRC_Default=0
Label_DAPs=1
Track_PredictionLine=2
Window_CARD=1
Window_CPDLC_Setting=1
Window_Ops_Caution=16
Window_Ops_Warning=28
Window_PredTfc_Caution=15
Window_PredTfc_Warning=17

[EETT_N]
Setup_Informed=*:*:EETN
Setup_Informed=*:*:EEEI
{N}
Setup_Informed=*:*:EETN
Setup_Informed=*:*:EEEI

[EETT_H]
Setup_Informed=EFHK:*:EETN
Track_PredictionLine=2
{FED}
Setup_Informed=EFHK:*:EETN
Track_PredictionLine=2

[EETT_I]
System_FIC_Position=1
Window_CPDLC_Setting=0
{FIS}
System_FIC_Position=1
Window_CPDLC_Setting=0

[EETN]
CPDLC_Default=0
Setup_LoadView=EETN
Setup_ScreenLat=EETN
Setup_Informed=*:*:EEEI
System_QFE_AD_Elevation=135
Window_Ops_Caution=16
Window_Ops_Warning=28
Window_PredTfc_Caution=9
Window_PredTfc_Warning=10

[EETN_D]
Setup_Informed=EETN:*:*
{DIR}
Setup_Informed=EETN:*:*

[EEEI]
CPDLC_Default=0
Setup_LoadView=EEEI
Setup_ScreenLat=EEEI
System_QFE_AD_Elevation=68

[EETU]
CPDLC_Default=0
Setup_LoadView=EETU
Setup_ScreenLat=EETU
System_QFE_AD_Elevation=220

[EEKE]
CPDLC_Default=0
Setup_LoadView=EEKE
Setup_ScreenLat=EEKE
System_QFE_AD_Elevation=15

[EEKA]
CPDLC_Default=0
Setup_LoadView=EEKA
Setup_ScreenLat=EEKA
System_QFE_AD_Elevation=18

[EEPU]
CPDLC_Default=0
Setup_LoadView=EEPU
Setup_ScreenLat=EEPU
System_QFE_AD_Elevation=41